711
404


654
220
855
223
857
315
708
364
664
456
823
471
939
336
732
190
570
296
757
208
832
220
885
391
663
210
639
380
843
470
594
474
779
230
945
342
890
496
644
248
327
378
754
236
660
466
640
170
862
173
884
379
551
296
846
264
970
410
730
516
1042
164
306
160
180
480
1189
512
612
180
631
164
798
162
585
302
816
295
715
172
578
300
781
344
719
180
916
176
724
274
910
283
778,502,621,274,545,491,490,356,803,456
960,440,948,604,804,595,987,255
998,208,1104,200,1104,254,989,242
1017,165,1221,197,1148,259,936,317
1004,287,1039,353,958,340,1004,384
1092,386,1098,488,1017,508,